ra
ra
pb
pb
ra
ra
pb
pa
pa
ra
pa
ra
ra
ra
ra
pb
ra
pa
ra


500 RANDOM

494 32 69 170 465 157 383 217 126 38 359 261 115 352 289 166 485 281 373 405 39 52 131 303 429 258 341 156 30 483 212 193 477 59 276 175 378 107 370 140 384 287 462 451 333 430 28 350 27 498 22 81 92 472 304 11 33 420 134 318 479 244 214 415 280 328 9 237 337 90 331 101 159 419 403 478 114 139 124 129 233 4 202 230 364 225 389 298 484 68 25 450 87 436 62 367 407 330 500 184 351 317 86 424 18 144 381 143 417 119 495 135 91 327 84 455 255 343 113 488 307 150 408 270 311 470 315 443 256 329 316 118 10 128 439 141 262 238 242 463 290 482 469 35 301 356 249 402 347 268 487 382 15 452 51 410 274 348 57 480 448 357 36 188 66 192 454 56 259 222 186 130 474 411 279 43 37 449 306 204 191 213 353 53 169 205 100 461 391 85 395 153 288 162 354 155 272 105 267 422 246 257 393 160 332 388 400 432 299 173 13 41 102 8 263 401 310 473 371 99 409 342 492 251 20 122 434 226 111 399 278 325 442 61 72 148 0 277 338 396 305 335 89 467 431 1 366 250 229 133 247 197 312 17 324 179 282 275 196 206 112 386 404 48 127 297 109 361 390 23 103 138 236 362 243 44 63 71 152 416 163 181 447 198 368 245 19 82 394 291 406 346 151 421 108 375 190 293 145 481 117 294 457 398 253 321 344 132 446 228 428 199 392 339 435 269 75 187 65 322 176 98 499 83 309 218 283 120 453 215 73 334 185 78 397 360 54 224 266 95 211 423 445 178 377 379 273 77 74 234 221 232 374 171 231 79 468 26 444 336 76 161 496 147 295 240 345 271 313 459 376 426 203 248 88 177 164 34 208 93 137 486 24 235 466 50 209 195 219 94 40 471 158 286 427 146 97 123 252 475 14 125 16 323 183 47 418 58 380 3 172 55 369 284 358 433 80 355 167 194 2 340 216 413 491 300 121 46 6 182 264 12 490 239 292 142 200 136 414 45 387 437 29 241 227 21 5 456 168 189 320 319 49 70 254 326 285 104 440 464 458 349 96 174 365 302 210 223 60 201 7 110 149 425 476 363 207 441 385 165 180 42 154 489 460 493 220 106 314 260 296 64 438 308 412 497 372 116 67 265




662 82 887 41 680 589 205 262 233 138 723 973 301 251 603 628 130 592 909 455 3 644 588 791 784 215 329 543 656 164 783 175 865 442 25 397 739 611 501 275 283 458 456 109 715 634 649 321 616 697 305 508 409 670 677 417 806 40 360 226 547 224 325 631 475 982 831 258 550 370 712 846 558 176 438 408 219 802 396 491 557 413 241 882 862 447 204 304 827 362 599 572 896 365 407 526 250 721 264 578 263 904 78 4 160 944 172 594 66 535 734 563 359 392 500 197 146 833 252 207 198 718 83 166 432 892 864 419 247 878 91 895 65 497 853 345 650 381 786 567 921 778 931 645 279 159 200 257 769 984 68 395 504 918 639 860 855 231 470 830 468 620 358 859 819 15 546 253 891 401 654 147 542 129 44 356 626 209 374 724 873 161 182 112 551 430 123 532 54 300 857 163 174 336 928 448 776 334 42 480 404 992 517 322 905 449 919 314 881 702 208 113 8 834 203 942 773 835 355 1 844 19 61 675 221 725 988 489 610 618 598 980 9 45 600 527 808 814 53 31 863 135 18 464 858 975 845 424 536 752 801 399 807 58 498 73 446 555 608 278 738 621 693 171 880 709 828 268 679 912 657 170 168 691 367 952 193 7 178 260 981 875 156 793 612 914 33 971 108 0 913 743 911 328 694 523 457 651 817 378 338 482 115 706 825 239 636 299 37 629 254 753 350 24 902 518 573 829 805 695 564 6 48 333 777 696 332 35 938 525 748 840 47 566 340 522 477 469 423 903 11 465 868 383 815 741 813 376 492 243 337 440 533 751 375 666 800 324 238 479 681 945 472 248 99 826 749 173 987 605 128 69 927 866 648 100 119 576 59 188 646 615 930 466 335 537 797 580 402 969 960 568 107 366 728 596 284 296 312 943 822 872 719 910 478 967 852 755 261 796 766 772 114 390 162 136 122 674 216 627 126 343 444 462 597 106 429 689 545 559 237 916 795 307 915 871 214 347 747 341 154 874 672 186 590 641 804 541 405 60 515 811 506 190 493 199 978 637 976 788 428 232 195 673 384 870 521 316 764 940 85 701 632 579 516 86 664 229 990 531 538 289 292 150 454 765 56 87 291 63 768 212 519 242 663 901 842 293 14 398 98 394 452 703 856 280 792 88 315 96 669 476 762 363 839 717 659 380 467 958 484 191 818 906 439 485 344 461 678 230 426 256 481 342 422 288 179 181 619 700 451 889 774 148 708 211 245 512 923 403 539 285 425 227 985 389 143 528 308 27 76 925 937 271 991 652 767 727 687 437 89 317 964 879 720 202 127 134 922 948 893 692 899 520 490 386 983 658 957 75 149 848 311 640 565 348 836 80 435 730 84 968 941 222 137 434 387 445 553 770 158 951 416 131 62 192 364 630 418 809 624 92 514 235 736 436 463 406 935 74 933 847 869 949 548 372 2 23 854 593 974 907 234 577 660 775 201 571 246 95 908 965 323 812 794 72 503 277 141 309 507 924 972 12 473 750 330 667 196 668 450 303 690 169 313 319 950 716 867 676 28 157 920 20 997 400 152 838 939 633 379 894 377 843 530 415 228 653 368 184 886 625 574 488 684 494 953 688 116 946 326 93 850 46 917 799 145 549 144 17 306 647 583 133 206 575 756 298 959 602 929 824 357 742 331 885 740 486 789 995 471 713 412 754 77 926 876 420 194 483 189 986 71 217 798 609 622 722 70 30 552 180 240 763 67 780 50 121 265 587 120 105 771 185 132 787 104 421 714 487 934 998 745 101 410 495 391 947 816 220 744 272 140 310 556 382 213 890 671 294 726 897 979 79 686 81 51 758 124 661 499 961 282 524 932 823 354 601 165 966 225 996 38 841 55 431 139 117 5 34 698 57 167 710 534 607 509 586 266 821 21 218 64 49 638 327 779 999 210 460 502 810 453 956 884 290 790 90 760 970 560 635 111 287 554 561 267 496 385 36 820 103 963 318 255 10 352 511 954 683 955 832 297 236 349 459 569 274 582 29 711 746 731 782 883 110 505 295 849 414 411 369 729 570 581 613 606 371 614 735 32 16 617 281 584 22 761 510 153 900 351 427 877 993 851 441 888 861 443 433 732 803 733 705 177 513 276 13 591 249 898 155 187 43 781 962 102 544 665 223 142 642 529 595 707 270 97 388 989 682 994 737 585 361 286 269 977 623 353 339 604 757 118 540 393 759 320 151 94 704 785 259 562 39 26 125 244 346 183 837 302 643 936 655 474 52 685 699 273



